0.0
2e-07
4e-07
6e-07
8e-07
1e-06
1.2e-06
1.4e-06
1.6e-06
1.8e-06
2e-06
2.2e-06
2.4e-06
2.6e-06
2.8e-06
3e-06
3.2e-06
3.4e-06
3.6e-06
3.8e-06
4e-06
4.2e-06
4.4e-06
4.6e-06
4.8e-06
5e-06
5.2e-06
5.4e-06
5.6e-06
5.8e-06
6e-06
6.2e-06
6.4e-06
6.6e-06
6.8e-06
7e-06
7.2e-06
7.4e-06
7.6e-06
7.8e-06
8e-06
8.2e-06
8.4e-06
8.6e-06
8.8e-06
9e-06
9.2e-06
9.4e-06
9.6e-06
9.8e-06
1e-05
1.02e-05
1.04e-05
1.06e-05
1.08e-05
1.1e-05
1.12e-05
1.14e-05
1.16e-05
1.18e-05
1.2e-05
1.22e-05
1.24e-05
1.26e-05
1.28e-05
1.3e-05
1.32e-05
1.34e-05
1.36e-05
1.38e-05
1.4e-05
1.42e-05
1.44e-05
1.46e-05
1.48e-05
1.5e-05
1.52e-05
1.54e-05
1.56e-05
1.58e-05
1.6e-05
1.62e-05
1.64e-05
1.66e-05
1.68e-05
1.7e-05
1.72e-05
1.74e-05
1.76e-05
1.78e-05
1.8e-05
1.82e-05
1.84e-05
1.86e-05
1.88e-05
1.9e-05
1.92e-05
1.94e-05
1.96e-05
1.98e-05
2e-05
2.02e-05
2.04e-05
2.06e-05
2.08e-05
2.1e-05
2.12e-05
2.14e-05
2.16e-05
2.18e-05
2.2e-05
2.22e-05
2.24e-05
2.26e-05
2.28e-05
2.3e-05
2.32e-05
2.34e-05
2.36e-05
2.38e-05
2.4e-05
2.42e-05
2.44e-05
2.46e-05
2.48e-05
2.5e-05
2.52e-05
2.54e-05
2.56e-05
2.58e-05
2.6e-05
2.62e-05
2.64e-05
2.66e-05
2.68e-05
2.7e-05
2.72e-05
2.74e-05
2.76e-05
2.78e-05
2.8e-05
2.82e-05
2.84e-05
2.86e-05
2.88e-05
2.9e-05
2.92e-05
2.94e-05
2.96e-05
2.98e-05
3e-05
3.02e-05
3.04e-05
3.06e-05
3.08e-05
3.1e-05
3.12e-05
3.14e-05
3.16e-05
3.18e-05
3.2e-05
3.22e-05
3.24e-05
3.26e-05
3.28e-05
3.3e-05
3.32e-05
3.34e-05
3.36e-05
3.38e-05
3.4e-05
3.42e-05
3.44e-05
3.46e-05
3.48e-05
3.5e-05
3.52e-05
3.54e-05
3.56e-05
3.58e-05
3.6e-05
3.62e-05
3.64e-05
3.66e-05
3.68e-05
3.7e-05
3.72e-05
3.74e-05
3.76e-05
3.78e-05
3.8e-05
3.82e-05
3.84e-05
3.86e-05
3.88e-05
3.9e-05
3.92e-05
3.94e-05
3.96e-05
3.98e-05
4e-05
4.02e-05
4.04e-05
4.06e-05
4.08e-05
4.1e-05
4.12e-05
4.14e-05
4.16e-05
4.18e-05
4.2e-05
4.22e-05
4.24e-05
4.26e-05
4.28e-05
4.3e-05
4.32e-05
4.34e-05
4.36e-05
4.38e-05
4.4e-05
4.42e-05
4.44e-05
4.46e-05
4.48e-05
4.5e-05
4.52e-05
4.54e-05
4.56e-05
4.58e-05
4.6e-05
4.62e-05
4.64e-05
4.66e-05
4.68e-05
4.7e-05
4.72e-05
4.74e-05
4.76e-05
4.78e-05
4.8e-05
4.82e-05
4.84e-05
4.86e-05
4.88e-05
4.9e-05
4.92e-05
4.94e-05
4.96e-05
4.98e-05
5e-05
5.02e-05
5.04e-05
5.06e-05
5.08e-05
5.1e-05
5.12e-05
5.14e-05
5.16e-05
5.18e-05
5.2e-05
5.22e-05
5.24e-05
5.26e-05
5.28e-05
5.3e-05
5.32e-05
5.34e-05
5.36e-05
5.38e-05
5.4e-05
5.42e-05
5.44e-05
5.46e-05
5.48e-05
5.5e-05
5.52e-05
5.54e-05
5.56e-05
5.58e-05
5.6e-05
5.62e-05
5.64e-05
5.66e-05
5.68e-05
5.7e-05
5.72e-05
5.74e-05
5.76e-05
5.78e-05
5.8e-05
5.82e-05
5.84e-05
5.86e-05
5.88e-05
5.9e-05
5.92e-05
5.94e-05
5.96e-05
5.98e-05
6e-05
6.02e-05
6.04e-05
6.06e-05
6.08e-05
6.1e-05
6.12e-05
6.14e-05
6.16e-05
6.18e-05
6.2e-05
6.22e-05
6.24e-05
6.26e-05
6.28e-05
6.3e-05
6.32e-05
6.34e-05
6.36e-05
6.38e-05
6.4e-05
6.42e-05
6.44e-05
6.46e-05
6.48e-05
6.5e-05
6.52e-05
6.54e-05
6.56e-05
6.58e-05
6.6e-05
6.62e-05
6.64e-05
6.66e-05
6.68e-05
6.7e-05
6.72e-05
6.74e-05
6.76e-05
6.78e-05
6.8e-05
6.82e-05
6.84e-05
6.86e-05
6.88e-05
6.9e-05
6.92e-05
6.94e-05
6.96e-05
6.98e-05
7e-05
7.02e-05
7.04e-05
7.06e-05
7.08e-05
7.1e-05
7.12e-05
7.14e-05
7.16e-05
7.18e-05
7.2e-05
7.22e-05
7.24e-05
7.26e-05
7.28e-05
7.3e-05
7.32e-05
7.34e-05
7.36e-05
7.38e-05
7.4e-05
7.42e-05
7.44e-05
7.46e-05
7.48e-05
7.5e-05
7.52e-05
7.54e-05
7.56e-05
7.58e-05
7.6e-05
7.62e-05
7.64e-05
7.66e-05
7.68e-05
7.7e-05
7.72e-05
7.74e-05
7.76e-05
7.78e-05
7.8e-05
7.82e-05
7.84e-05
7.86e-05
7.88e-05
7.9e-05
7.92e-05
7.94e-05
7.96e-05
7.98e-05
8e-05
8.02e-05
8.04e-05
8.06e-05
8.08e-05
8.1e-05
8.12e-05
8.14e-05
8.16e-05
8.18e-05
8.2e-05
8.22e-05
8.24e-05
8.26e-05
8.28e-05
8.3e-05
8.32e-05
8.34e-05
8.36e-05
8.38e-05
8.4e-05
8.42e-05
8.44e-05
8.46e-05
8.48e-05
8.5e-05
8.52e-05
8.54e-05
8.56e-05
8.58e-05
8.6e-05
8.62e-05
8.64e-05
8.66e-05
8.68e-05
8.7e-05
8.72e-05
8.74e-05
8.76e-05
8.78e-05
8.8e-05
8.82e-05
8.84e-05
8.86e-05
8.88e-05
8.9e-05
8.92e-05
8.94e-05
8.96e-05
8.98e-05
9e-05
9.02e-05
9.04e-05
9.06e-05
9.08e-05
9.1e-05
9.12e-05
9.14e-05
9.16e-05
9.18e-05
9.2e-05
9.22e-05
9.24e-05
9.26e-05
9.28e-05
9.3e-05
9.32e-05
9.34e-05
9.36e-05
9.38e-05
9.4e-05
9.42e-05
9.44e-05
9.46e-05
9.48e-05
9.5e-05
9.52e-05
9.54e-05
9.56e-05
9.58e-05
9.6e-05
9.62e-05
9.64e-05
9.66e-05
9.68e-05
9.7e-05
9.72e-05
9.74e-05
9.76e-05
9.78e-05
9.8e-05
9.82e-05
9.84e-05
9.86e-05
9.88e-05
9.9e-05
9.92e-05
9.94e-05
9.96e-05
9.98e-05
0.0001
0.0001002
0.0001004
0.0001006
0.0001008
0.000101
0.0001012
0.0001014
0.0001016
0.0001018
0.000102
0.0001022
0.0001024
0.0001026
0.0001028
0.000103
0.0001032
0.0001034
0.0001036
0.0001038
0.000104
0.0001042
0.0001044
0.0001046
0.0001048
0.000105
0.0001052
0.0001054
0.0001056
0.0001058
0.000106
0.0001062
0.0001064
0.0001066
0.0001068
0.000107
0.0001072
0.0001074
0.0001076
0.0001078
0.000108
0.0001082
0.0001084
0.0001086
0.0001088
0.000109
0.0001092
0.0001094
0.0001096
0.0001098
0.00011
0.0001102
0.0001104
0.0001106
0.0001108
0.000111
0.0001112
0.0001114
0.0001116
0.0001118
0.000112
0.0001122
0.0001124
0.0001126
0.0001128
0.000113
0.0001132
0.0001134
0.0001136
0.0001138
0.000114
0.0001142
0.0001144
0.0001146
0.0001148
0.000115
0.0001152
0.0001154
0.0001156
0.0001158
0.000116
0.0001162
0.0001164
0.0001166
0.0001168
0.000117
0.0001172
0.0001174
0.0001176
0.0001178
0.000118
0.0001182
0.0001184
0.0001186
0.0001188
0.000119
0.0001192
0.0001194
0.0001196
0.0001198
0.00012
0.0001202
0.0001204
0.0001206
0.0001208
0.000121
0.0001212
0.0001214
0.0001216
0.0001218
0.000122
0.0001222
0.0001224
0.0001226
0.0001228
0.000123
0.0001232
0.0001234
0.0001236
0.0001238
0.000124
0.0001242
0.0001244
0.0001246
0.0001248
0.000125
0.0001252
0.0001254
0.0001256
0.0001258
0.000126
0.0001262
0.0001264
0.0001266
0.0001268
0.000127
0.0001272
0.0001274
0.0001276
0.0001278
0.000128
0.0001282
0.0001284
0.0001286
0.0001288
0.000129
0.0001292
0.0001294
0.0001296
0.0001298
0.00013
0.0001302
0.0001304
0.0001306
0.0001308
0.000131
0.0001312
0.0001314
0.0001316
0.0001318
0.000132
0.0001322
0.0001324
0.0001326
0.0001328
0.000133
0.0001332
0.0001334
0.0001336
0.0001338
0.000134
0.0001342
0.0001344
0.0001346
0.0001348
0.000135
0.0001352
0.0001354
0.0001356
0.0001358
0.000136
0.0001362
0.0001364
0.0001366
0.0001368
0.000137
0.0001372
0.0001374
0.0001376
0.0001378
0.000138
0.0001382
0.0001384
0.0001386
0.0001388
0.000139
0.0001392
0.0001394
0.0001396
0.0001398
0.00014
0.0001402
0.0001404
0.0001406
0.0001408
0.000141
0.0001412
0.0001414
0.0001416
0.0001418
0.000142
0.0001422
0.0001424
0.0001426
0.0001428
0.000143
0.0001432
0.0001434
0.0001436
0.0001438
0.000144
0.0001442
0.0001444
0.0001446
0.0001448
0.000145
0.0001452
0.0001454
0.0001456
0.0001458
0.000146
0.0001462
0.0001464
0.0001466
0.0001468
0.000147
0.0001472
0.0001474
0.0001476
0.0001478
0.000148
0.0001482
0.0001484
0.0001486
0.0001488
0.000149
0.0001492
0.0001494
0.0001496
0.0001498
0.00015
0.0001502
0.0001504
0.0001506
0.0001508
0.000151
0.0001512
0.0001514
0.0001516
0.0001518
0.000152
0.0001522
0.0001524
0.0001526
0.0001528
0.000153
0.0001532
0.0001534
0.0001536
0.0001538
0.000154
0.0001542
0.0001544
0.0001546
0.0001548
0.000155
0.0001552
0.0001554
0.0001556
0.0001558
0.000156
0.0001562
0.0001564
0.0001566
0.0001568
0.000157
0.0001572
0.0001574
0.0001576
0.0001578
0.000158
0.0001582
0.0001584
0.0001586
0.0001588
0.000159
0.0001592
0.0001594
0.0001596
0.0001598
0.00016
0.0001602
0.0001604
0.0001606
0.0001608
0.000161
0.0001612
0.0001614
0.0001616
0.0001618
0.000162
0.0001622
0.0001624
0.0001626
0.0001628
0.000163
0.0001632
0.0001634
0.0001636
0.0001638
0.000164
0.0001642
0.0001644
0.0001646
0.0001648
0.000165
0.0001652
0.0001654
0.0001656
0.0001658
0.000166
0.0001662
0.0001664
0.0001666
0.0001668
0.000167
0.0001672
0.0001674
0.0001676
0.0001678
0.000168
0.0001682
0.0001684
0.0001686
0.0001688
0.000169
0.0001692
0.0001694
0.0001696
0.0001698
0.00017
0.0001702
0.0001704
0.0001706
0.0001708
0.000171
0.0001712
0.0001714
0.0001716
0.0001718
0.000172
0.0001722
0.0001724
0.0001726
0.0001728
0.000173
0.0001732
0.0001734
0.0001736
0.0001738
0.000174
0.0001742
0.0001744
0.0001746
0.0001748
0.000175
0.0001752
0.0001754
0.0001756
0.0001758
0.000176
0.0001762
0.0001764
0.0001766
0.0001768
0.000177
0.0001772
0.0001774
0.0001776
0.0001778
0.000178
0.0001782
0.0001784
0.0001786
0.0001788
0.000179
0.0001792
0.0001794
0.0001796
0.0001798
0.00018
0.0001802
0.0001804
0.0001806
0.0001808
0.000181
0.0001812
0.0001814
0.0001816
0.0001818
0.000182
0.0001822
0.0001824
0.0001826
0.0001828
0.000183
0.0001832
0.0001834
0.0001836
0.0001838
0.000184
0.0001842
0.0001844
0.0001846
0.0001848
0.000185
0.0001852
0.0001854
0.0001856
0.0001858
0.000186
0.0001862
0.0001864
0.0001866
0.0001868
0.000187
0.0001872
0.0001874
0.0001876
0.0001878
0.000188
0.0001882
0.0001884
0.0001886
0.0001888
0.000189
0.0001892
0.0001894
0.0001896
0.0001898
0.00019
0.0001902
0.0001904
0.0001906
0.0001908
0.000191
0.0001912
0.0001914
0.0001916
0.0001918
0.000192
0.0001922
0.0001924
0.0001926
0.0001928
0.000193
0.0001932
0.0001934
0.0001936
0.0001938
0.000194
0.0001942
0.0001944
0.0001946
0.0001948
0.000195
0.0001952
0.0001954
0.0001956
0.0001958
0.000196
0.0001962
0.0001964
0.0001966
0.0001968
0.000197
0.0001972
0.0001974
0.0001976
0.0001978
0.000198
0.0001982
0.0001984
0.0001986
0.0001988
0.000199
0.0001992
0.0001994
0.0001996
0.0001998
0.0002
0.0002002
0.0002004
0.0002006
0.0002008
0.000201
0.0002012
0.0002014
0.0002016
0.0002018
0.000202
0.0002022
0.0002024
0.0002026
0.0002028
0.000203
0.0002032
0.0002034
0.0002036
0.0002038
0.000204
0.0002042
0.0002044
0.0002046
0.0002048
0.000205
0.0002052
0.0002054
0.0002056
0.0002058
0.000206
0.0002062
0.0002064
0.0002066
0.0002068
0.000207
0.0002072
0.0002074
0.0002076
0.0002078
0.000208
0.0002082
0.0002084
0.0002086
0.0002088
0.000209
0.0002092
0.0002094
0.0002096
0.0002098
0.00021
0.0002102
0.0002104
0.0002106
0.0002108
0.000211
0.0002112
0.0002114
0.0002116
0.0002118
0.000212
0.0002122
0.0002124
0.0002126
0.0002128
0.000213
0.0002132
0.0002134
0.0002136
0.0002138
0.000214
0.0002142
0.0002144
0.0002146
0.0002148
0.000215
0.0002152
0.0002154
0.0002156
0.0002158
0.000216
0.0002162
0.0002164
0.0002166
0.0002168
0.000217
0.0002172
0.0002174
0.0002176
0.0002178
0.000218
0.0002182
0.0002184
0.0002186
0.0002188
0.000219
0.0002192
0.0002194
0.0002196
0.0002198
0.00022
0.0002202
0.0002204
0.0002206
0.0002208
0.000221
0.0002212
0.0002214
0.0002216
0.0002218
0.000222
0.0002222
0.0002224
0.0002226
0.0002228
0.000223
0.0002232
0.0002234
0.0002236
0.0002238
0.000224
0.0002242
0.0002244
0.0002246
0.0002248
0.000225
0.0002252
0.0002254
0.0002256
0.0002258
0.000226
0.0002262
0.0002264
0.0002266
0.0002268
0.000227
0.0002272
0.0002274
0.0002276
0.0002278
0.000228
0.0002282
0.0002284
0.0002286
0.0002288
0.000229
0.0002292
0.0002294
0.0002296
0.0002298
0.00023
0.0002302
0.0002304
0.0002306
0.0002308
0.000231
0.0002312
0.0002314
0.0002316
0.0002318
0.000232
0.0002322
0.0002324
0.0002326
0.0002328
0.000233
0.0002332
0.0002334
0.0002336
0.0002338
0.000234
0.0002342
0.0002344
0.0002346
0.0002348
0.000235
0.0002352
0.0002354
0.0002356
0.0002358
0.000236
0.0002362
0.0002364
0.0002366
0.0002368
0.000237
0.0002372
0.0002374
0.0002376
0.0002378
0.000238
0.0002382
0.0002384
0.0002386
0.0002388
0.000239
0.0002392
0.0002394
0.0002396
0.0002398
0.00024
0.0002402
0.0002404
0.0002406
0.0002408
0.000241
0.0002412
0.0002414
0.0002416
0.0002418
0.000242
0.0002422
0.0002424
0.0002426
0.0002428
0.000243
0.0002432
0.0002434
0.0002436
0.0002438
0.000244
0.0002442
0.0002444
0.0002446
0.0002448
0.000245
0.0002452
0.0002454
0.0002456
0.0002458
0.000246
0.0002462
0.0002464
0.0002466
0.0002468
0.000247
0.0002472
0.0002474
0.0002476
0.0002478
0.000248
0.0002482
0.0002484
0.0002486
0.0002488
0.000249
0.0002492
0.0002494
0.0002496
0.0002498
0.00025
0.0002502
0.0002504
0.0002506
0.0002508
0.000251
0.0002512
0.0002514
0.0002516
0.0002518
0.000252
0.0002522
0.0002524
0.0002526
0.0002528
0.000253
0.0002532
0.0002534
0.0002536
0.0002538
0.000254
0.0002542
0.0002544
0.0002546
0.0002548
0.000255
0.0002552
0.0002554
0.0002556
0.0002558
0.000256
0.0002562
0.0002564
0.0002566
0.0002568
0.000257
0.0002572
0.0002574
0.0002576
0.0002578
0.000258
0.0002582
0.0002584
0.0002586
0.0002588
0.000259
0.0002592
0.0002594
0.0002596
0.0002598
0.00026
0.0002602
0.0002604
0.0002606
0.0002608
0.000261
0.0002612
0.0002614
0.0002616
0.0002618
0.000262
0.0002622
0.0002624
0.0002626
0.0002628
0.000263
0.0002632
0.0002634
0.0002636
0.0002638
0.000264
0.0002642
0.0002644
0.0002646
0.0002648
0.000265
0.0002652
0.0002654
0.0002656
0.0002658
0.000266
0.0002662
0.0002664
0.0002666
0.0002668
0.000267
0.0002672
0.0002674
0.0002676
0.0002678
0.000268
0.0002682
0.0002684
0.0002686
0.0002688
0.000269
0.0002692
0.0002694
0.0002696
0.0002698
0.00027
0.0002702
0.0002704
0.0002706
0.0002708
0.000271
0.0002712
0.0002714
0.0002716
0.0002718
0.000272
0.0002722
0.0002724
0.0002726
0.0002728
0.000273
0.0002732
0.0002734
0.0002736
0.0002738
0.000274
0.0002742
0.0002744
0.0002746
0.0002748
0.000275
0.0002752
0.0002754
0.0002756
0.0002758
0.000276
0.0002762
0.0002764
0.0002766
0.0002768
0.000277
0.0002772
0.0002774
0.0002776
0.0002778
0.000278
0.0002782
0.0002784
0.0002786
0.0002788
0.000279
0.0002792
0.0002794
0.0002796
0.0002798
0.00028
0.0002802
0.0002804
0.0002806
0.0002808
0.000281
0.0002812
0.0002814
0.0002816
0.0002818
0.000282
0.0002822
0.0002824
0.0002826
0.0002828
0.000283
0.0002832
0.0002834
0.0002836
0.0002838
0.000284
0.0002842
0.0002844
0.0002846
0.0002848
0.000285
0.0002852
0.0002854
0.0002856
0.0002858
0.000286
0.0002862
0.0002864
0.0002866
0.0002868
0.000287
0.0002872
0.0002874
0.0002876
0.0002878
0.000288
0.0002882
0.0002884
0.0002886
0.0002888
0.000289
0.0002892
0.0002894
0.0002896
0.0002898
0.00029
0.0002902
0.0002904
0.0002906
0.0002908
0.000291
0.0002912
0.0002914
0.0002916
0.0002918
0.000292
0.0002922
0.0002924
0.0002926
0.0002928
0.000293
0.0002932
0.0002934
0.0002936
0.0002938
0.000294
0.0002942
0.0002944
0.0002946
0.0002948
0.000295
0.0002952
0.0002954
0.0002956
0.0002958
0.000296
0.0002962
0.0002964
0.0002966
0.0002968
0.000297
0.0002972
0.0002974
0.0002976
0.0002978
0.000298
0.0002982
0.0002984
0.0002986
0.0002988
0.000299
0.0002992
0.0002994
0.0002996
0.0002998
0.0003
0.0003002
0.0003004
0.0003006
0.0003008
0.000301
0.0003012
0.0003014
0.0003016
0.0003018
0.000302
0.0003022
0.0003024
0.0003026
0.0003028
0.000303
0.0003032
0.0003034
0.0003036
0.0003038
0.000304
0.0003042
0.0003044
0.0003046
0.0003048
0.000305
0.0003052
0.0003054
0.0003056
0.0003058
0.000306
0.0003062
0.0003064
0.0003066
0.0003068
0.000307
0.0003072
0.0003074
0.0003076
0.0003078
0.000308
0.0003082
0.0003084
0.0003086
0.0003088
0.000309
0.0003092
0.0003094
0.0003096
0.0003098
0.00031
0.0003102
0.0003104
0.0003106
0.0003108
0.000311
0.0003112
0.0003114
0.0003116
0.0003118
0.000312
0.0003122
0.0003124
0.0003126
0.0003128
0.000313
0.0003132
0.0003134
0.0003136
0.0003138
0.000314
0.0003142
0.0003144
0.0003146
0.0003148
0.000315
0.0003152
0.0003154
0.0003156
0.0003158
0.000316
0.0003162
0.0003164
0.0003166
0.0003168
0.000317
0.0003172
0.0003174
0.0003176
0.0003178
0.000318
0.0003182
0.0003184
0.0003186
0.0003188
0.000319
0.0003192
0.0003194
0.0003196
0.0003198
0.00032
0.0003202
0.0003204
0.0003206
0.0003208
0.000321
0.0003212
0.0003214
0.0003216
0.0003218
0.000322
0.0003222
0.0003224
0.0003226
0.0003228
0.000323
0.0003232
0.0003234
0.0003236
0.0003238
0.000324
0.0003242
0.0003244
0.0003246
0.0003248
0.000325
0.0003252
0.0003254
0.0003256
0.0003258
0.000326
0.0003262
0.0003264
0.0003266
0.0003268
0.000327
0.0003272
0.0003274
0.0003276
0.0003278
0.000328
0.0003282
0.0003284
0.0003286
0.0003288
0.000329
0.0003292
0.0003294
0.0003296
0.0003298
0.00033
0.0003302
0.0003304
0.0003306
0.0003308
0.000331
0.0003312
0.0003314
0.0003316
0.0003318
0.000332
0.0003322
0.0003324
0.0003326
0.0003328
0.000333
0.0003332
0.0003334
0.0003336
0.0003338
0.000334
0.0003342
0.0003344
0.0003346
0.0003348
0.000335
0.0003352
0.0003354
0.0003356
0.0003358
0.000336
0.0003362
0.0003364
0.0003366
0.0003368
0.000337
0.0003372
0.0003374
0.0003376
0.0003378
0.000338
0.0003382
0.0003384
0.0003386
0.0003388
0.000339
0.0003392
0.0003394
0.0003396
0.0003398
0.00034
0.0003402
0.0003404
0.0003406
0.0003408
0.000341
0.0003412
0.0003414
0.0003416
0.0003418
0.000342
0.0003422
0.0003424
0.0003426
0.0003428
0.000343
0.0003432
0.0003434
0.0003436
0.0003438
0.000344
0.0003442
0.0003444
0.0003446
0.0003448
0.000345
0.0003452
0.0003454
0.0003456
0.0003458
0.000346
0.0003462
0.0003464
0.0003466
0.0003468
0.000347
0.0003472
0.0003474
0.0003476
0.0003478
0.000348
0.0003482
0.0003484
0.0003486
0.0003488
0.000349
0.0003492
0.0003494
0.0003496
0.0003498
0.00035
0.0003502
0.0003504
0.0003506
0.0003508
0.000351
0.0003512
0.0003514
0.0003516
0.0003518
0.000352
0.0003522
0.0003524
0.0003526
0.0003528
0.000353
0.0003532
0.0003534
0.0003536
0.0003538
0.000354
0.0003542
0.0003544
0.0003546
0.0003548
0.000355
0.0003552
0.0003554
0.0003556
0.0003558
0.000356
0.0003562
0.0003564
0.0003566
0.0003568
0.000357
0.0003572
0.0003574
0.0003576
0.0003578
0.000358
0.0003582
0.0003584
0.0003586
0.0003588
0.000359
0.0003592
0.0003594
0.0003596
0.0003598
0.00036
0.0003602
0.0003604
0.0003606
0.0003608
0.000361
0.0003612
0.0003614
0.0003616
0.0003618
0.000362
0.0003622
0.0003624
0.0003626
0.0003628
0.000363
0.0003632
0.0003634
0.0003636
0.0003638
0.000364
0.0003642
0.0003644
0.0003646
0.0003648
0.000365
0.0003652
0.0003654
0.0003656
0.0003658
0.000366
0.0003662
0.0003664
0.0003666
0.0003668
0.000367
0.0003672
0.0003674
0.0003676
0.0003678
0.000368
0.0003682
0.0003684
0.0003686
0.0003688
0.000369
0.0003692
0.0003694
0.0003696
0.0003698
0.00037
0.0003702
0.0003704
0.0003706
0.0003708
0.000371
0.0003712
0.0003714
0.0003716
0.0003718
0.000372
0.0003722
0.0003724
0.0003726
0.0003728
0.000373
0.0003732
0.0003734
0.0003736
0.0003738
0.000374
0.0003742
0.0003744
0.0003746
0.0003748
0.000375
0.0003752
0.0003754
0.0003756
0.0003758
0.000376
0.0003762
0.0003764
0.0003766
0.0003768
0.000377
0.0003772
0.0003774
0.0003776
0.0003778
0.000378
0.0003782
0.0003784
0.0003786
0.0003788
0.000379
0.0003792
0.0003794
0.0003796
0.0003798
0.00038
0.0003802
0.0003804
0.0003806
0.0003808
0.000381
0.0003812
0.0003814
0.0003816
0.0003818
0.000382
0.0003822
0.0003824
0.0003826
0.0003828
0.000383
0.0003832
0.0003834
0.0003836
0.0003838
0.000384
0.0003842
0.0003844
0.0003846
0.0003848
0.000385
0.0003852
0.0003854
0.0003856
0.0003858
0.000386
0.0003862
0.0003864
0.0003866
0.0003868
0.000387
0.0003872
0.0003874
0.0003876
0.0003878
0.000388
0.0003882
0.0003884
0.0003886
0.0003888
0.000389
0.0003892
0.0003894
0.0003896
0.0003898
0.00039
0.0003902
0.0003904
0.0003906
0.0003908
0.000391
0.0003912
0.0003914
0.0003916
0.0003918
0.000392
0.0003922
0.0003924
0.0003926
0.0003928
0.000393
0.0003932
0.0003934
0.0003936
0.0003938
0.000394
0.0003942
0.0003944
0.0003946
0.0003948
0.000395
0.0003952
0.0003954
0.0003956
0.0003958
0.000396
0.0003962
0.0003964
0.0003966
0.0003968
0.000397
0.0003972
0.0003974
0.0003976
0.0003978
0.000398
0.0003982
0.0003984
0.0003986
0.0003988
0.000399
0.0003992
0.0003994
0.0003996
0.0003998
0.0004
0.0004002
0.0004004
0.0004006
0.0004008
0.000401
0.0004012
0.0004014
0.0004016
0.0004018
0.000402
0.0004022
0.0004024
0.0004026
0.0004028
0.000403
0.0004032
0.0004034
0.0004036
0.0004038
0.000404
0.0004042
0.0004044
0.0004046
0.0004048
0.000405
0.0004052
0.0004054
0.0004056
0.0004058
0.000406
0.0004062
0.0004064
0.0004066
0.0004068
0.000407
0.0004072
0.0004074
0.0004076
0.0004078
0.000408
0.0004082
0.0004084
0.0004086
0.0004088
0.000409
0.0004092
0.0004094
0.0004096
0.0004098
0.00041
0.0004102
0.0004104
0.0004106
0.0004108
0.000411
0.0004112
0.0004114
0.0004116
0.0004118
0.000412
0.0004122
0.0004124
0.0004126
0.0004128
0.000413
0.0004132
0.0004134
0.0004136
0.0004138
0.000414
0.0004142
0.0004144
0.0004146
0.0004148
0.000415
0.0004152
0.0004154
0.0004156
0.0004158
0.000416
0.0004162
0.0004164
0.0004166
0.0004168
0.000417
0.0004172
0.0004174
0.0004176
0.0004178
0.000418
0.0004182
0.0004184
0.0004186
0.0004188
0.000419
0.0004192
0.0004194
0.0004196
0.0004198
0.00042
0.0004202
0.0004204
0.0004206
0.0004208
0.000421
0.0004212
0.0004214
0.0004216
0.0004218
0.000422
0.0004222
0.0004224
0.0004226
0.0004228
0.000423
0.0004232
0.0004234
0.0004236
0.0004238
0.000424
0.0004242
0.0004244
0.0004246
0.0004248
0.000425
0.0004252
0.0004254
0.0004256
0.0004258
0.000426
0.0004262
0.0004264
0.0004266
0.0004268
0.000427
0.0004272
0.0004274
0.0004276
0.0004278
0.000428
0.0004282
0.0004284
0.0004286
0.0004288
0.000429
0.0004292
0.0004294
0.0004296
0.0004298
0.00043
0.0004302
0.0004304
0.0004306
0.0004308
0.000431
0.0004312
0.0004314
0.0004316
0.0004318
0.000432
0.0004322
0.0004324
0.0004326
0.0004328
0.000433
0.0004332
0.0004334
0.0004336
0.0004338
0.000434
0.0004342
0.0004344
0.0004346
0.0004348
0.000435
0.0004352
0.0004354
0.0004356
0.0004358
0.000436
0.0004362
0.0004364
0.0004366
0.0004368
0.000437
0.0004372
0.0004374
0.0004376
0.0004378
0.000438
0.0004382
0.0004384
0.0004386
0.0004388
0.000439
0.0004392
0.0004394
0.0004396
0.0004398
0.00044
0.0004402
0.0004404
0.0004406
0.0004408
0.000441
0.0004412
0.0004414
0.0004416
0.0004418
0.000442
0.0004422
0.0004424
0.0004426
0.0004428
0.000443
0.0004432
0.0004434
0.0004436
0.0004438
0.000444
0.0004442
0.0004444
0.0004446
0.0004448
0.000445
0.0004452
0.0004454
0.0004456
0.0004458
0.000446
0.0004462
0.0004464
0.0004466
0.0004468
0.000447
0.0004472
0.0004474
0.0004476
0.0004478
0.000448
0.0004482
0.0004484
0.0004486
0.0004488
0.000449
0.0004492
0.0004494
0.0004496
0.0004498
0.00045
0.0004502
0.0004504
0.0004506
0.0004508
0.000451
0.0004512
0.0004514
0.0004516
0.0004518
0.000452
0.0004522
0.0004524
0.0004526
0.0004528
0.000453
0.0004532
0.0004534
0.0004536
0.0004538
0.000454
0.0004542
0.0004544
0.0004546
0.0004548
0.000455
0.0004552
0.0004554
0.0004556
0.0004558
0.000456
0.0004562
0.0004564
0.0004566
0.0004568
0.000457
0.0004572
0.0004574
0.0004576
0.0004578
0.000458
0.0004582
0.0004584
0.0004586
0.0004588
0.000459
0.0004592
0.0004594
0.0004596
0.0004598
0.00046
0.0004602
0.0004604
0.0004606
0.0004608
0.000461
0.0004612
0.0004614
0.0004616
0.0004618
0.000462
0.0004622
0.0004624
0.0004626
0.0004628
0.000463
0.0004632
0.0004634
0.0004636
0.0004638
0.000464
0.0004642
0.0004644
0.0004646
0.0004648
0.000465
0.0004652
0.0004654
0.0004656
0.0004658
0.000466
0.0004662
0.0004664
0.0004666
0.0004668
0.000467
0.0004672
0.0004674
0.0004676
0.0004678
0.000468
0.0004682
0.0004684
0.0004686
0.0004688
0.000469
0.0004692
0.0004694
0.0004696
0.0004698
0.00047
0.0004702
0.0004704
0.0004706
0.0004708
0.000471
0.0004712
0.0004714
0.0004716
0.0004718
0.000472
0.0004722
0.0004724
0.0004726
0.0004728
0.000473
0.0004732
0.0004734
0.0004736
0.0004738
0.000474
0.0004742
0.0004744
0.0004746
0.0004748
0.000475
0.0004752
0.0004754
0.0004756
0.0004758
0.000476
0.0004762
0.0004764
0.0004766
0.0004768
0.000477
0.0004772
0.0004774
0.0004776
0.0004778
0.000478
0.0004782
0.0004784
0.0004786
0.0004788
0.000479
0.0004792
0.0004794
0.0004796
0.0004798
0.00048
0.0004802
0.0004804
0.0004806
0.0004808
0.000481
0.0004812
0.0004814
0.0004816
0.0004818
0.000482
0.0004822
0.0004824
0.0004826
0.0004828
0.000483
0.0004832
0.0004834
0.0004836
0.0004838
0.000484
0.0004842
0.0004844
0.0004846
0.0004848
0.000485
0.0004852
0.0004854
0.0004856
0.0004858
0.000486
0.0004862
0.0004864
0.0004866
0.0004868
0.000487
0.0004872
0.0004874
0.0004876
0.0004878
0.000488
0.0004882
0.0004884
0.0004886
0.0004888
0.000489
0.0004892
0.0004894
0.0004896
0.0004898
0.00049
0.0004902
0.0004904
0.0004906
0.0004908
0.000491
0.0004912
0.0004914
0.0004916
0.0004918
0.000492
0.0004922
0.0004924
0.0004926
0.0004928
0.000493
0.0004932
0.0004934
0.0004936
0.0004938
0.000494
0.0004942
0.0004944
0.0004946
0.0004948
0.000495
0.0004952
0.0004954
0.0004956
0.0004958
0.000496
0.0004962
0.0004964
0.0004966
0.0004968
0.000497
0.0004972
0.0004974
0.0004976
0.0004978
0.000498
0.0004982
0.0004984
0.0004986
0.0004988
0.000499
0.0004992
0.0004994
0.0004996
0.0004998
0.0005
0.0005002
0.0005004
0.0005006
0.0005008
0.000501
0.0005012
0.0005014
0.0005016
0.0005018
0.000502
0.0005022
0.0005024
0.0005026
0.0005028
0.000503
0.0005032
0.0005034
0.0005036
0.0005038
0.000504
0.0005042
0.0005044
0.0005046
0.0005048
0.000505
0.0005052
0.0005054
0.0005056
0.0005058
0.000506
0.0005062
0.0005064
0.0005066
0.0005068
0.000507
0.0005072
0.0005074
0.0005076
0.0005078
0.000508
0.0005082
0.0005084
0.0005086
0.0005088
0.000509
0.0005092
0.0005094
0.0005096
0.0005098
0.00051
0.0005102
0.0005104
0.0005106
0.0005108
0.000511
0.0005112
0.0005114
0.0005116
0.0005118
0.000512
0.0005122
0.0005124
0.0005126
0.0005128
0.000513
0.0005132
0.0005134
0.0005136
0.0005138
0.000514
0.0005142
0.0005144
0.0005146
0.0005148
0.000515
0.0005152
0.0005154
0.0005156
0.0005158
0.000516
0.0005162
0.0005164
0.0005166
0.0005168
0.000517
0.0005172
0.0005174
0.0005176
0.0005178
0.000518
0.0005182
0.0005184
0.0005186
0.0005188
0.000519
0.0005192
0.0005194
0.0005196
0.0005198
0.00052
0.0005202
0.0005204
0.0005206
0.0005208
0.000521
0.0005212
0.0005214
0.0005216
0.0005218
0.000522
0.0005222
0.0005224
0.0005226
0.0005228
0.000523
0.0005232
0.0005234
0.0005236
0.0005238
0.000524
0.0005242
0.0005244
0.0005246
0.0005248
0.000525
0.0005252
0.0005254
0.0005256
0.0005258
0.000526
0.0005262
0.0005264
0.0005266
0.0005268
0.000527
0.0005272
0.0005274
0.0005276
0.0005278
0.000528
0.0005282
0.0005284
0.0005286
0.0005288
0.000529
0.0005292
0.0005294
0.0005296
0.0005298
0.00053
0.0005302
0.0005304
0.0005306
0.0005308
0.000531
0.0005312
0.0005314
0.0005316
0.0005318
0.000532
0.0005322
0.0005324
0.0005326
0.0005328
0.000533
0.0005332
0.0005334
0.0005336
0.0005338
0.000534
0.0005342
0.0005344
0.0005346
0.0005348
0.000535
0.0005352
0.0005354
0.0005356
0.0005358
0.000536
0.0005362
0.0005364
0.0005366
0.0005368
0.000537
0.0005372
0.0005374
0.0005376
0.0005378
0.000538
0.0005382
0.0005384
0.0005386
0.0005388
0.000539
0.0005392
0.0005394
0.0005396
0.0005398
0.00054
0.0005402
0.0005404
0.0005406
0.0005408
0.000541
0.0005412
0.0005414
0.0005416
0.0005418
0.000542
0.0005422
0.0005424
0.0005426
0.0005428
0.000543
0.0005432
0.0005434
0.0005436
0.0005438
0.000544
0.0005442
0.0005444
0.0005446
0.0005448
0.000545
0.0005452
0.0005454
0.0005456
0.0005458
0.000546
0.0005462
0.0005464
0.0005466
0.0005468
0.000547
0.0005472
0.0005474
0.0005476
0.0005478
0.000548
0.0005482
0.0005484
0.0005486
0.0005488
0.000549
0.0005492
0.0005494
0.0005496
0.0005498
0.00055
0.0005502
0.0005504
0.0005506
0.0005508
0.000551
0.0005512
0.0005514
0.0005516
0.0005518
0.000552
0.0005522
0.0005524
0.0005526
0.0005528
0.000553
0.0005532
0.0005534
0.0005536
0.0005538
0.000554
0.0005542
0.0005544
0.0005546
0.0005548
0.000555
0.0005552
0.0005554
0.0005556
0.0005558
0.000556
0.0005562
0.0005564
0.0005566
0.0005568
0.000557
0.0005572
0.0005574
0.0005576
0.0005578
0.000558
0.0005582
0.0005584
0.0005586
0.0005588
0.000559
0.0005592
0.0005594
0.0005596
0.0005598
0.00056
0.0005602
0.0005604
0.0005606
0.0005608
0.000561
0.0005612
0.0005614
0.0005616
0.0005618
0.000562
0.0005622
0.0005624
0.0005626
0.0005628
0.000563
0.0005632
0.0005634
0.0005636
0.0005638
0.000564
0.0005642
0.0005644
0.0005646
0.0005648
0.000565
0.0005652
0.0005654
0.0005656
0.0005658
0.000566
0.0005662
0.0005664
0.0005666
0.0005668
0.000567
0.0005672
0.0005674
0.0005676
0.0005678
0.000568
0.0005682
0.0005684
0.0005686
0.0005688
0.000569
0.0005692
0.0005694
0.0005696
0.0005698
0.00057
0.0005702
0.0005704
0.0005706
0.0005708
0.000571
0.0005712
0.0005714
0.0005716
0.0005718
0.000572
0.0005722
0.0005724
0.0005726
0.0005728
0.000573
0.0005732
0.0005734
0.0005736
0.0005738
0.000574
0.0005742
0.0005744
0.0005746
0.0005748
0.000575
0.0005752
0.0005754
0.0005756
0.0005758
0.000576
0.0005762
0.0005764
0.0005766
0.0005768
0.000577
0.0005772
0.0005774
0.0005776
0.0005778
0.000578
0.0005782
0.0005784
0.0005786
0.0005788
0.000579
0.0005792
0.0005794
0.0005796
0.0005798
0.00058
0.0005802
0.0005804
0.0005806
0.0005808
0.000581
0.0005812
0.0005814
0.0005816
0.0005818
0.000582
0.0005822
0.0005824
0.0005826
0.0005828
0.000583
0.0005832
0.0005834
0.0005836
0.0005838
0.000584
0.0005842
0.0005844
0.0005846
0.0005848
0.000585
0.0005852
0.0005854
0.0005856
0.0005858
0.000586
0.0005862
0.0005864
0.0005866
0.0005868
0.000587
0.0005872
0.0005874
0.0005876
0.0005878
0.000588
0.0005882
0.0005884
0.0005886
0.0005888
0.000589
0.0005892
0.0005894
0.0005896
0.0005898
0.00059
0.0005902
0.0005904
0.0005906
0.0005908
0.000591
0.0005912
0.0005914
0.0005916
0.0005918
0.000592
0.0005922
0.0005924
0.0005926
0.0005928
0.000593
0.0005932
0.0005934
0.0005936
0.0005938
0.000594
0.0005942
0.0005944
0.0005946
0.0005948
0.000595
0.0005952
0.0005954
0.0005956
0.0005958
0.000596
0.0005962
0.0005964
0.0005966
0.0005968
0.000597
0.0005972
0.0005974
0.0005976
0.0005978
0.000598
0.0005982
0.0005984
0.0005986
0.0005988
0.000599
0.0005992
0.0005994
0.0005996
0.0005998
0.0006
0.0006002
0.0006004
0.0006006
0.0006008
0.000601
0.0006012
0.0006014
0.0006016
0.0006018
0.000602
0.0006022
0.0006024
0.0006026
0.0006028
0.000603
0.0006032
0.0006034
0.0006036
0.0006038
0.000604
0.0006042
0.0006044
0.0006046
0.0006048
0.000605
0.0006052
0.0006054
0.0006056
0.0006058
0.000606
0.0006062
0.0006064
0.0006066
0.0006068
0.000607
0.0006072
0.0006074
0.0006076
0.0006078
0.000608
0.0006082
0.0006084
0.0006086
0.0006088
0.000609
0.0006092
0.0006094
0.0006096
0.0006098
0.00061
0.0006102
0.0006104
0.0006106
0.0006108
0.000611
0.0006112
0.0006114
0.0006116
0.0006118
0.000612
0.0006122
0.0006124
0.0006126
0.0006128
0.000613
0.0006132
0.0006134
0.0006136
0.0006138
0.000614
0.0006142
0.0006144
0.0006146
0.0006148
0.000615
0.0006152
0.0006154
0.0006156
0.0006158
0.000616
0.0006162
0.0006164
0.0006166
0.0006168
0.000617
0.0006172
0.0006174
0.0006176
0.0006178
0.000618
0.0006182
0.0006184
0.0006186
0.0006188
0.000619
0.0006192
0.0006194
0.0006196
0.0006198
0.00062
0.0006202
0.0006204
0.0006206
0.0006208
0.000621
0.0006212
0.0006214
0.0006216
0.0006218
0.000622
0.0006222
0.0006224
0.0006226
0.0006228
0.000623
0.0006232
0.0006234
0.0006236
0.0006238
0.000624
0.0006242
0.0006244
0.0006246
0.0006248
0.000625
0.0006252
0.0006254
0.0006256
0.0006258
0.000626
0.0006262
0.0006264
0.0006266
0.0006268
0.000627
0.0006272
0.0006274
0.0006276
0.0006278
0.000628
0.0006282
0.0006284
0.0006286
0.0006288
0.000629
0.0006292
0.0006294
0.0006296
0.0006298
0.00063
0.0006302
0.0006304
0.0006306
0.0006308
0.000631
0.0006312
0.0006314
0.0006316
0.0006318
0.000632
0.0006322
0.0006324
0.0006326
0.0006328
0.000633
0.0006332
0.0006334
0.0006336
0.0006338
0.000634
0.0006342
0.0006344
0.0006346
0.0006348
0.000635
0.0006352
0.0006354
0.0006356
0.0006358
0.000636
0.0006362
0.0006364
0.0006366
0.0006368
0.000637
0.0006372
0.0006374
0.0006376
0.0006378
0.000638
0.0006382
0.0006384
0.0006386
0.0006388
0.000639
0.0006392
0.0006394
0.0006396
0.0006398
0.00064
0.0006402
0.0006404
0.0006406
0.0006408
0.000641
0.0006412
0.0006414
0.0006416
0.0006418
0.000642
0.0006422
0.0006424
0.0006426
0.0006428
0.000643
0.0006432
0.0006434
0.0006436
0.0006438
0.000644
0.0006442
0.0006444
0.0006446
0.0006448
0.000645
0.0006452
0.0006454
0.0006456
0.0006458
0.000646
0.0006462
0.0006464
0.0006466
0.0006468
0.000647
0.0006472
0.0006474
0.0006476
0.0006478
0.000648
0.0006482
0.0006484
0.0006486
0.0006488
0.000649
0.0006492
0.0006494
0.0006496
0.0006498
0.00065
0.0006502
0.0006504
0.0006506
0.0006508
0.000651
0.0006512
0.0006514
0.0006516
0.0006518
0.000652
0.0006522
0.0006524
0.0006526
0.0006528
0.000653
0.0006532
0.0006534
0.0006536
0.0006538
0.000654
0.0006542
0.0006544
0.0006546
0.0006548
0.000655
0.0006552
0.0006554
0.0006556
0.0006558
0.000656
0.0006562
0.0006564
0.0006566
0.0006568
0.000657
0.0006572
0.0006574
0.0006576
0.0006578
0.000658
0.0006582
0.0006584
0.0006586
0.0006588
0.000659
0.0006592
0.0006594
0.0006596
0.0006598
0.00066
0.0006602
0.0006604
0.0006606
0.0006608
0.000661
0.0006612
0.0006614
0.0006616
0.0006618
0.000662
0.0006622
0.0006624
0.0006626
0.0006628
0.000663
0.0006632
0.0006634
0.0006636
0.0006638
0.000664
0.0006642
0.0006644
0.0006646
0.0006648
0.000665
0.0006652
0.0006654
0.0006656
0.0006658
0.000666
0.0006662
0.0006664
0.0006666
0.0006668
0.000667
0.0006672
0.0006674
0.0006676
0.0006678
0.000668
0.0006682
0.0006684
0.0006686
0.0006688
0.000669
0.0006692
0.0006694
0.0006696
0.0006698
0.00067
0.0006702
0.0006704
0.0006706
0.0006708
0.000671
0.0006712
0.0006714
0.0006716
0.0006718
0.000672
0.0006722
0.0006724
0.0006726
0.0006728
0.000673
0.0006732
0.0006734
0.0006736
0.0006738
0.000674
0.0006742
0.0006744
0.0006746
0.0006748
0.000675
0.0006752
0.0006754
0.0006756
0.0006758
0.000676
0.0006762
0.0006764
0.0006766
0.0006768
0.000677
0.0006772
0.0006774
0.0006776
0.0006778
0.000678
0.0006782
0.0006784
0.0006786
0.0006788
0.000679
0.0006792
0.0006794
0.0006796
0.0006798
0.00068
0.0006802
0.0006804
0.0006806
0.0006808
0.000681
0.0006812
0.0006814
0.0006816
0.0006818
0.000682
0.0006822
0.0006824
0.0006826
0.0006828
0.000683
0.0006832
0.0006834
0.0006836
0.0006838
0.000684
0.0006842
0.0006844
0.0006846
0.0006848
0.000685
0.0006852
0.0006854
0.0006856
0.0006858
0.000686
0.0006862
0.0006864
0.0006866
0.0006868
0.000687
0.0006872
0.0006874
0.0006876
0.0006878
0.000688
0.0006882
0.0006884
0.0006886
0.0006888
0.000689
0.0006892
0.0006894
0.0006896
0.0006898
0.00069
0.0006902
0.0006904
0.0006906
0.0006908
0.000691
0.0006912
0.0006914
0.0006916
0.0006918
0.000692
0.0006922
0.0006924
0.0006926
0.0006928
0.000693
0.0006932
0.0006934
0.0006936
0.0006938
0.000694
0.0006942
0.0006944
0.0006946
0.0006948
0.000695
0.0006952
0.0006954
0.0006956
0.0006958
0.000696
0.0006962
0.0006964
0.0006966
0.0006968
0.000697
0.0006972
0.0006974
0.0006976
0.0006978
0.000698
0.0006982
0.0006984
0.0006986
0.0006988
0.000699
0.0006992
0.0006994
0.0006996
0.0006998
0.0007
0.0007002
0.0007004
0.0007006
0.0007008
0.000701
0.0007012
0.0007014
0.0007016
0.0007018
0.000702
0.0007022
0.0007024
0.0007026
0.0007028
0.000703
0.0007032
0.0007034
0.0007036
0.0007038
0.000704
0.0007042
0.0007044
0.0007046
0.0007048
0.000705
0.0007052
0.0007054
0.0007056
0.0007058
0.000706
0.0007062
0.0007064
0.0007066
0.0007068
0.000707
0.0007072
0.0007074
0.0007076
0.0007078
0.000708
0.0007082
0.0007084
0.0007086
0.0007088
0.000709
0.0007092
0.0007094
0.0007096
0.0007098
0.00071
0.0007102
0.0007104
0.0007106
0.0007108
0.000711
0.0007112
0.0007114
0.0007116
0.0007118
0.000712
0.0007122
0.0007124
0.0007126
0.0007128
0.000713
0.0007132
0.0007134
0.0007136
0.0007138
0.000714
0.0007142
0.0007144
0.0007146
0.0007148
0.000715
0.0007152
0.0007154
0.0007156
0.0007158
0.000716
0.0007162
0.0007164
0.0007166
0.0007168
0.000717
0.0007172
0.0007174
0.0007176
0.0007178
0.000718
0.0007182
0.0007184
0.0007186
0.0007188
0.000719
0.0007192
0.0007194
0.0007196
0.0007198
0.00072
0.0007202
0.0007204
0.0007206
0.0007208
0.000721
0.0007212
0.0007214
0.0007216
0.0007218
0.000722
0.0007222
0.0007224
0.0007226
0.0007228
0.000723
0.0007232
0.0007234
0.0007236
0.0007238
0.000724
0.0007242
0.0007244
0.0007246
0.0007248
0.000725
0.0007252
0.0007254
0.0007256
0.0007258
0.000726
0.0007262
0.0007264
0.0007266
0.0007268
0.000727
0.0007272
0.0007274
0.0007276
0.0007278
0.000728
0.0007282
0.0007284
0.0007286
0.0007288
0.000729
0.0007292
0.0007294
0.0007296
0.0007298
0.00073
0.0007302
0.0007304
0.0007306
0.0007308
0.000731
0.0007312
0.0007314
0.0007316
0.0007318
0.000732
0.0007322
0.0007324
0.0007326
0.0007328
0.000733
0.0007332
0.0007334
0.0007336
0.0007338
0.000734
0.0007342
0.0007344
0.0007346
0.0007348
0.000735
0.0007352
0.0007354
0.0007356
0.0007358
0.000736
0.0007362
0.0007364
0.0007366
0.0007368
0.000737
0.0007372
0.0007374
0.0007376
0.0007378
0.000738
0.0007382
0.0007384
0.0007386
0.0007388
0.000739
0.0007392
0.0007394
0.0007396
0.0007398
0.00074
0.0007402
0.0007404
0.0007406
0.0007408
0.000741
0.0007412
0.0007414
0.0007416
0.0007418
0.000742
0.0007422
0.0007424
0.0007426
0.0007428
0.000743
0.0007432
0.0007434
0.0007436
0.0007438
0.000744
0.0007442
0.0007444
0.0007446
0.0007448
0.000745
0.0007452
0.0007454
0.0007456
0.0007458
0.000746
0.0007462
0.0007464
0.0007466
0.0007468
0.000747
0.0007472
0.0007474
0.0007476
0.0007478
0.000748
0.0007482
0.0007484
0.0007486
0.0007488
0.000749
0.0007492
0.0007494
0.0007496
0.0007498
0.00075
0.0007502
0.0007504
0.0007506
0.0007508
0.000751
0.0007512
0.0007514
0.0007516
0.0007518
0.000752
0.0007522
0.0007524
0.0007526
0.0007528
0.000753
0.0007532
0.0007534
0.0007536
0.0007538
0.000754
0.0007542
0.0007544
0.0007546
0.0007548
0.000755
0.0007552
0.0007554
0.0007556
0.0007558
0.000756
0.0007562
0.0007564
0.0007566
0.0007568
0.000757
0.0007572
0.0007574
0.0007576
0.0007578
0.000758
0.0007582
0.0007584
0.0007586
0.0007588
0.000759
0.0007592
0.0007594
0.0007596
0.0007598
0.00076
0.0007602
0.0007604
0.0007606
0.0007608
0.000761
0.0007612
0.0007614
0.0007616
0.0007618
0.000762
0.0007622
0.0007624
0.0007626
0.0007628
0.000763
0.0007632
0.0007634
0.0007636
0.0007638
0.000764
0.0007642
0.0007644
0.0007646
0.0007648
0.000765
0.0007652
0.0007654
0.0007656
0.0007658
0.000766
0.0007662
0.0007664
0.0007666
0.0007668
0.000767
0.0007672
0.0007674
0.0007676
0.0007678
0.000768
0.0007682
0.0007684
0.0007686
0.0007688
0.000769
0.0007692
0.0007694
0.0007696
0.0007698
0.00077
0.0007702
0.0007704
0.0007706
0.0007708
0.000771
0.0007712
0.0007714
0.0007716
0.0007718
0.000772
0.0007722
0.0007724
0.0007726
0.0007728
0.000773
0.0007732
0.0007734
0.0007736
0.0007738
0.000774
0.0007742
0.0007744
0.0007746
0.0007748
0.000775
0.0007752
0.0007754
0.0007756
0.0007758
0.000776
0.0007762
0.0007764
0.0007766
0.0007768
0.000777
0.0007772
0.0007774
0.0007776
0.0007778
0.000778
0.0007782
0.0007784
0.0007786
0.0007788
0.000779
0.0007792
0.0007794
0.0007796
0.0007798
0.00078
0.0007802
0.0007804
0.0007806
0.0007808
0.000781
0.0007812
0.0007814
0.0007816
0.0007818
0.000782
0.0007822
0.0007824
0.0007826
0.0007828
0.000783
0.0007832
0.0007834
0.0007836
0.0007838
0.000784
0.0007842
0.0007844
0.0007846
0.0007848
0.000785
0.0007852
0.0007854
0.0007856
0.0007858
0.000786
0.0007862
0.0007864
0.0007866
0.0007868
0.000787
0.0007872
0.0007874
0.0007876
0.0007878
0.000788
0.0007882
0.0007884
0.0007886
0.0007888
0.000789
0.0007892
0.0007894
0.0007896
0.0007898
0.00079
0.0007902
0.0007904
0.0007906
0.0007908
0.000791
0.0007912
0.0007914
0.0007916
0.0007918
0.000792
0.0007922
0.0007924
0.0007926
0.0007928
0.000793
0.0007932
0.0007934
0.0007936
0.0007938
0.000794
0.0007942
0.0007944
0.0007946
0.0007948
0.000795
0.0007952
0.0007954
0.0007956
0.0007958
0.000796
0.0007962
0.0007964
0.0007966
0.0007968
0.000797
0.0007972
0.0007974
0.0007976
0.0007978
0.000798
0.0007982
0.0007984
0.0007986
0.0007988
0.000799
0.0007992
0.0007994
0.0007996
0.0007998
0.0008
0.0008002
0.0008004
0.0008006
0.0008008
0.000801
0.0008012
0.0008014
0.0008016
0.0008018
0.000802
0.0008022
0.0008024
0.0008026
0.0008028
0.000803
0.0008032
0.0008034
0.0008036
0.0008038
0.000804
0.0008042
0.0008044
0.0008046
0.0008048
0.000805
0.0008052
0.0008054
0.0008056
0.0008058
0.000806
0.0008062
0.0008064
0.0008066
0.0008068
0.000807
0.0008072
0.0008074
0.0008076
0.0008078
0.000808
0.0008082
0.0008084
0.0008086
0.0008088
0.000809
0.0008092
0.0008094
0.0008096
0.0008098
0.00081
0.0008102
0.0008104
0.0008106
0.0008108
0.000811
0.0008112
0.0008114
0.0008116
0.0008118
0.000812
0.0008122
0.0008124
0.0008126
0.0008128
0.000813
0.0008132
0.0008134
0.0008136
0.0008138
0.000814
0.0008142
0.0008144
0.0008146
0.0008148
0.000815
0.0008152
0.0008154
0.0008156
0.0008158
0.000816
0.0008162
0.0008164
0.0008166
0.0008168
0.000817
0.0008172
0.0008174
0.0008176
0.0008178
0.000818
0.0008182
0.0008184
0.0008186
0.0008188
0.000819
0.0008192
0.0008194
0.0008196
0.0008198
0.00082
0.0008202
0.0008204
0.0008206
0.0008208
0.000821
0.0008212
0.0008214
0.0008216
0.0008218
0.000822
0.0008222
0.0008224
0.0008226
0.0008228
0.000823
0.0008232
0.0008234
0.0008236
0.0008238
0.000824
0.0008242
0.0008244
0.0008246
0.0008248
0.000825
0.0008252
0.0008254
0.0008256
0.0008258
0.000826
0.0008262
0.0008264
0.0008266
0.0008268
0.000827
0.0008272
0.0008274
0.0008276
0.0008278
0.000828
0.0008282
0.0008284
0.0008286
0.0008288
0.000829
0.0008292
0.0008294
0.0008296
0.0008298
0.00083
0.0008302
0.0008304
0.0008306
0.0008308
0.000831
0.0008312
0.0008314
0.0008316
0.0008318
0.000832
0.0008322
0.0008324
0.0008326
0.0008328
0.000833
0.0008332
0.0008334
0.0008336
0.0008338
0.000834
0.0008342
0.0008344
0.0008346
0.0008348
0.000835
0.0008352
0.0008354
0.0008356
0.0008358
0.000836
0.0008362
0.0008364
0.0008366
0.0008368
0.000837
0.0008372
0.0008374
0.0008376
0.0008378
0.000838
0.0008382
0.0008384
0.0008386
0.0008388
0.000839
0.0008392
0.0008394
0.0008396
0.0008398
0.00084
0.0008402
0.0008404
0.0008406
0.0008408
0.000841
0.0008412
0.0008414
0.0008416
0.0008418
0.000842
0.0008422
0.0008424
0.0008426
0.0008428
0.000843
0.0008432
0.0008434
0.0008436
0.0008438
0.000844
0.0008442
0.0008444
0.0008446
0.0008448
0.000845
0.0008452
0.0008454
0.0008456
0.0008458
0.000846
0.0008462
0.0008464
0.0008466
0.0008468
0.000847
0.0008472
0.0008474
0.0008476
0.0008478
0.000848
0.0008482
0.0008484
0.0008486
0.0008488
0.000849
0.0008492
0.0008494
0.0008496
0.0008498
0.00085
0.0008502
0.0008504
0.0008506
0.0008508
0.000851
0.0008512
0.0008514
0.0008516
0.0008518
0.000852
0.0008522
0.0008524
0.0008526
0.0008528
0.000853
0.0008532
0.0008534
0.0008536
0.0008538
0.000854
0.0008542
0.0008544
0.0008546
0.0008548
0.000855
0.0008552
0.0008554
0.0008556
0.0008558
0.000856
0.0008562
0.0008564
0.0008566
0.0008568
0.000857
0.0008572
0.0008574
0.0008576
0.0008578
0.000858
0.0008582
0.0008584
0.0008586
0.0008588
0.000859
0.0008592
0.0008594
0.0008596
0.0008598
0.00086
0.0008602
0.0008604
0.0008606
0.0008608
0.000861
0.0008612
0.0008614
0.0008616
0.0008618
0.000862
0.0008622
0.0008624
0.0008626
0.0008628
0.000863
0.0008632
0.0008634
0.0008636
0.0008638
0.000864
0.0008642
0.0008644
0.0008646
0.0008648
0.000865
0.0008652
0.0008654
0.0008656
0.0008658
0.000866
0.0008662
0.0008664
0.0008666
0.0008668
0.000867
0.0008672
0.0008674
0.0008676
0.0008678
0.000868
0.0008682
0.0008684
0.0008686
0.0008688
0.000869
0.0008692
0.0008694
0.0008696
0.0008698
0.00087
0.0008702
0.0008704
0.0008706
0.0008708
0.000871
0.0008712
0.0008714
0.0008716
0.0008718
0.000872
0.0008722
0.0008724
0.0008726
0.0008728
0.000873
0.0008732
0.0008734
0.0008736
0.0008738
0.000874
0.0008742
0.0008744
0.0008746
0.0008748
0.000875
0.0008752
0.0008754
0.0008756
0.0008758
0.000876
0.0008762
0.0008764
0.0008766
0.0008768
0.000877
0.0008772
0.0008774
0.0008776
0.0008778
0.000878
0.0008782
0.0008784
0.0008786
0.0008788
0.000879
0.0008792
0.0008794
0.0008796
0.0008798
0.00088
0.0008802
0.0008804
0.0008806
0.0008808
0.000881
0.0008812
0.0008814
0.0008816
0.0008818
0.000882
0.0008822
0.0008824
0.0008826
0.0008828
0.000883
0.0008832
0.0008834
0.0008836
0.0008838
0.000884
0.0008842
0.0008844
0.0008846
0.0008848
0.000885
0.0008852
0.0008854
0.0008856
0.0008858
0.000886
0.0008862
0.0008864
0.0008866
0.0008868
0.000887
0.0008872
0.0008874
0.0008876
0.0008878
0.000888
0.0008882
0.0008884
0.0008886
0.0008888
0.000889
0.0008892
0.0008894
0.0008896
0.0008898
0.00089
0.0008902
0.0008904
0.0008906
0.0008908
0.000891
0.0008912
0.0008914
0.0008916
0.0008918
0.000892
0.0008922
0.0008924
0.0008926
0.0008928
0.000893
0.0008932
0.0008934
0.0008936
0.0008938
0.000894
0.0008942
0.0008944
0.0008946
0.0008948
0.000895
0.0008952
0.0008954
0.0008956
0.0008958
0.000896
0.0008962
0.0008964
0.0008966
0.0008968
0.000897
0.0008972
0.0008974
0.0008976
0.0008978
0.000898
0.0008982
0.0008984
0.0008986
0.0008988
0.000899
0.0008992
0.0008994
0.0008996
0.0008998
0.0009
0.0009002
0.0009004
0.0009006
0.0009008
0.000901
0.0009012
0.0009014
0.0009016
0.0009018
0.000902
0.0009022
0.0009024
0.0009026
0.0009028
0.000903
0.0009032
0.0009034
0.0009036
0.0009038
0.000904
0.0009042
0.0009044
0.0009046
0.0009048
0.000905
0.0009052
0.0009054
0.0009056
0.0009058
0.000906
0.0009062
0.0009064
0.0009066
0.0009068
0.000907
0.0009072
0.0009074
0.0009076
0.0009078
0.000908
0.0009082
0.0009084
0.0009086
0.0009088
0.000909
0.0009092
0.0009094
0.0009096
0.0009098
0.00091
0.0009102
0.0009104
0.0009106
0.0009108
0.000911
0.0009112
0.0009114
0.0009116
0.0009118
0.000912
0.0009122
0.0009124
0.0009126
0.0009128
0.000913
0.0009132
0.0009134
0.0009136
0.0009138
0.000914
0.0009142
0.0009144
0.0009146
0.0009148
0.000915
0.0009152
0.0009154
0.0009156
0.0009158
0.000916
0.0009162
0.0009164
0.0009166
0.0009168
0.000917
0.0009172
0.0009174
0.0009176
0.0009178
0.000918
0.0009182
0.0009184
0.0009186
0.0009188
0.000919
0.0009192
0.0009194
0.0009196
0.0009198
0.00092
0.0009202
0.0009204
0.0009206
0.0009208
0.000921
0.0009212
0.0009214
0.0009216
0.0009218
0.000922
0.0009222
0.0009224
0.0009226
0.0009228
0.000923
0.0009232
0.0009234
0.0009236
0.0009238
0.000924
0.0009242
0.0009244
0.0009246
0.0009248
0.000925
0.0009252
0.0009254
0.0009256
0.0009258
0.000926
0.0009262
0.0009264
0.0009266
0.0009268
0.000927
0.0009272
0.0009274
0.0009276
0.0009278
0.000928
0.0009282
0.0009284
0.0009286
0.0009288
0.000929
0.0009292
0.0009294
0.0009296
0.0009298
0.00093
0.0009302
0.0009304
0.0009306
0.0009308
0.000931
0.0009312
0.0009314
0.0009316
0.0009318
0.000932
0.0009322
0.0009324
0.0009326
0.0009328
0.000933
0.0009332
0.0009334
0.0009336
0.0009338
0.000934
0.0009342
0.0009344
0.0009346
0.0009348
0.000935
0.0009352
0.0009354
0.0009356
0.0009358
0.000936
0.0009362
0.0009364
0.0009366
0.0009368
0.000937
0.0009372
0.0009374
0.0009376
0.0009378
0.000938
0.0009382
0.0009384
0.0009386
0.0009388
0.000939
0.0009392
0.0009394
0.0009396
0.0009398
0.00094
0.0009402
0.0009404
0.0009406
0.0009408
0.000941
0.0009412
0.0009414
0.0009416
0.0009418
0.000942
0.0009422
0.0009424
0.0009426
0.0009428
0.000943
0.0009432
0.0009434
0.0009436
0.0009438
0.000944
0.0009442
0.0009444
0.0009446
0.0009448
0.000945
0.0009452
0.0009454
0.0009456
0.0009458
0.000946
0.0009462
0.0009464
0.0009466
0.0009468
0.000947
0.0009472
0.0009474
0.0009476
0.0009478
0.000948
0.0009482
0.0009484
0.0009486
0.0009488
0.000949
0.0009492
0.0009494
0.0009496
0.0009498
0.00095
0.0009502
0.0009504
0.0009506
0.0009508
0.000951
0.0009512
0.0009514
0.0009516
0.0009518
0.000952
0.0009522
0.0009524
0.0009526
0.0009528
0.000953
0.0009532
0.0009534
0.0009536
0.0009538
0.000954
0.0009542
0.0009544
0.0009546
0.0009548
0.000955
0.0009552
0.0009554
0.0009556
0.0009558
0.000956
0.0009562
0.0009564
0.0009566
0.0009568
0.000957
0.0009572
0.0009574
0.0009576
0.0009578
0.000958
0.0009582
0.0009584
0.0009586
0.0009588
0.000959
0.0009592
0.0009594
0.0009596
0.0009598
0.00096
0.0009602
0.0009604
0.0009606
0.0009608
0.000961
0.0009612
0.0009614
0.0009616
0.0009618
0.000962
0.0009622
0.0009624
0.0009626
0.0009628
0.000963
0.0009632
0.0009634
0.0009636
0.0009638
0.000964
0.0009642
0.0009644
0.0009646
0.0009648
0.000965
0.0009652
0.0009654
0.0009656
0.0009658
0.000966
0.0009662
0.0009664
0.0009666
0.0009668
0.000967
0.0009672
0.0009674
0.0009676
0.0009678
0.000968
0.0009682
0.0009684
0.0009686
0.0009688
0.000969
0.0009692
0.0009694
0.0009696
0.0009698
0.00097
0.0009702
0.0009704
0.0009706
0.0009708
0.000971
0.0009712
0.0009714
0.0009716
0.0009718
0.000972
0.0009722
0.0009724
0.0009726
0.0009728
0.000973
0.0009732
0.0009734
0.0009736
0.0009738
0.000974
0.0009742
0.0009744
0.0009746
0.0009748
0.000975
0.0009752
0.0009754
0.0009756
0.0009758
0.000976
0.0009762
0.0009764
0.0009766
0.0009768
0.000977
0.0009772
0.0009774
0.0009776
0.0009778
0.000978
0.0009782
0.0009784
0.0009786
0.0009788
0.000979
0.0009792
0.0009794
0.0009796
0.0009798
0.00098
0.0009802
0.0009804
0.0009806
0.0009808
0.000981
0.0009812
0.0009814
0.0009816
0.0009818
0.000982
0.0009822
0.0009824
0.0009826
0.0009828
0.000983
0.0009832
0.0009834
0.0009836
0.0009838
0.000984
0.0009842
0.0009844
0.0009846
0.0009848
0.000985
0.0009852
0.0009854
0.0009856
0.0009858
0.000986
0.0009862
0.0009864
0.0009866
0.0009868
0.000987
0.0009872
0.0009874
0.0009876
0.0009878
0.000988
0.0009882
0.0009884
0.0009886
0.0009888
0.000989
0.0009892
0.0009894
0.0009896
0.0009898
0.00099
0.0009902
0.0009904
0.0009906
0.0009908
0.000991
0.0009912
0.0009914
0.0009916
0.0009918
0.000992
0.0009922
0.0009924
0.0009926
0.0009928
0.000993
0.0009932
0.0009934
0.0009936
0.0009938
0.000994
0.0009942
0.0009944
0.0009946
0.0009948
0.000995
0.0009952
0.0009954
0.0009956
0.0009958
0.000996
0.0009962
0.0009964
0.0009966
0.0009968
0.000997
0.0009972
0.0009974
0.0009976
0.0009978
0.000998
0.0009982
0.0009984
0.0009986
0.0009988
0.000999
0.0009992
0.0009994
0.0009996
0.0009998
0.001
